1            0.0094 
2            -0.0683 
3            0.1825 
4            0.0065 
5            0.0196 
6            0.0182 
7            0.0985 
8            -0.0246 
9            0.0590 
10           0.0189 
11           -0.0618 
12           -0.0240 
13           -0.0155 
14           -0.0192 
15           -0.0155 
16           0.0290 
17           -0.0050 
18           -0.0236 
19           -0.0601 
20           -0.0400 
21           -0.0137 
22           -0.0141 
23           -0.0012 
24           0.0187 
25           0.0753 
26           0.0618 
27           -0.0057 
28           0.0107 
29           0.0012 
30           -0.0079 
31           -0.0123 
32           -0.3654 
33           -0.1113 
34           -0.1522 
35           -0.2592 
36           -0.0345 
37           0.4210 
38           -0.0024 
39           -0.0018 
40           -0.0111 
41           0.0018 
42           0.0104 
43           -0.0239 
44           0.0216 
45           0.0105 
46           0.0437 
47           0.1148 
48           -0.0104 
49           -0.0048 
50           0.0202 
51           -0.0247 
52           0.0154 
53           -0.0082 
54           -0.1184 
55           -0.0248 
56           0.0711 
57           0.0835 
58           2.2731 
59           -0.0172 
60           -0.0082 
61           -0.0010 
62           -0.0217 
63           -0.0047 
64           0.0108 
65           0.0006 
66           -0.0395 
67           0.0105 
68           0.0084 
69           -0.0666 
70           0.0002 
71           -0.1100 
72           0.0692 
73           -0.0190 
74           -0.0088 
75           0.0182 
76           -0.0128 
77           -0.0687 
78           -0.0000 
79           -0.0204 
80           -0.0006 
81           -0.0261 
82           -0.0006 
83           -0.0157 
84           -0.2163 
85           -0.0070 
86           0.0095 
87           0.0962 
88           -0.0054 
89           0.0203 
90           0.0823 
91           0.0164 
92           -0.0173 
93           0.0033 
94           -0.0093 
95           0.1390 
96           0.0157 
97           -0.0408 
98           0.0011 
99           -0.0417 
100          -0.0125 
101          -0.0054 
102          0.0002 
103          0.0097 
104          -0.0089 
105          -0.0026 
106          -0.0149 
107          -0.0412 
108          0.0158 
109          -0.1966 
110          -0.1109 
111          -3.4011 
112          -0.5248 
113          0.4930 
114          -0.3614 
115          -2.2946 
116          -0.0433 
117          -0.1016 
118          -0.0640 
119          -0.0447 
120          -0.0222 
121          -0.0185 
122          -0.0164 
123          -0.0078 
124          0.0441 
125          -0.0273 
126          -0.0066 
127          -0.0093 
128          0.0350 
129          0.0148 
130          0.0025 
131          0.0139 
132          -0.0829 
133          -0.6757 
134          0.7677 
135          -0.9166 
136          -0.0228 
137          -0.9412 
138          -1.1827 
139          -0.0781 
140          0.0948 
141          -0.0037 
142          0.1890 
143          -0.2383 
144          -6.6957 
145          -0.8064 
146          -0.4476 
147          -0.1215 
148          -0.0260 
149          -0.0420 
150          -0.2680 
151          -28.6311 
