1            0.0803 
2            0.0686 
3            0.0355 
4            0.0111 
5            0.0039 
6            0.0751 
7            0.2245 
8            -0.0205 
9            0.0913 
10           0.1013 
11           0.0507 
12           0.0385 
13           0.0082 
14           0.0600 
15           0.0350 
16           0.0452 
17           0.0644 
18           0.0507 
19           -0.0049 
20           -0.0097 
21           0.0001 
22           -0.0082 
23           0.0021 
24           0.0225 
25           0.0126 
26           0.1329 
27           0.0458 
28           0.0154 
29           -0.0005 
30           -0.0068 
31           0.0069 
32           -0.1307 
33           -0.0217 
34           -0.2594 
35           -0.0347 
36           -0.0038 
37           -0.2632 
38           0.0204 
39           0.0130 
40           -0.0071 
41           -0.0072 
42           -0.0212 
43           0.0284 
44           0.0422 
45           0.0393 
46           0.1204 
47           0.1325 
48           -0.0048 
49           0.2377 
50           0.0182 
51           0.0398 
52           0.0028 
53           0.0154 
54           0.1966 
55           -0.0140 
56           -0.2268 
57           -0.0627 
58           0.8853 
59           -0.0108 
60           -0.0064 
61           0.0037 
62           0.0051 
63           0.0075 
64           0.0128 
65           -0.0017 
66           0.0271 
67           0.0441 
68           0.0037 
69           0.0850 
70           0.0464 
71           0.2561 
72           0.0289 
73           0.2531 
74           0.1327 
75           0.0140 
76           0.1121 
77           0.0326 
78           -0.0032 
79           0.0528 
80           -0.0137 
81           -0.0011 
82           -0.0125 
83           -0.0139 
84           -0.4180 
85           -0.0366 
86           0.0423 
87           0.7456 
88           0.1210 
89           0.0512 
90           0.5706 
91           0.0163 
92           0.0094 
93           0.0720 
94           0.0739 
95           0.0924 
96           0.0102 
97           -0.0029 
98           -0.0174 
99           -0.0170 
100          0.0404 
101          0.0032 
102          -0.0084 
103          0.0786 
104          -0.0012 
105          0.1721 
106          -0.0134 
107          -0.0095 
108          0.0054 
109          -0.1160 
110          -0.0682 
111          -2.1198 
112          -0.5459 
113          -0.0117 
114          -0.5203 
115          -1.7729 
116          -0.0607 
117          -0.0004 
118          0.1324 
119          -0.0081 
120          -0.0058 
121          -0.0185 
122          -0.0095 
123          -0.0147 
124          0.0506 
125          0.1754 
126          0.1687 
127          0.0482 
128          0.0724 
129          0.0128 
130          0.0292 
131          0.0048 
132          -0.0465 
133          -0.0126 
134          0.2875 
135          -0.3154 
136          -0.1427 
137          -0.7079 
138          -0.8324 
139          -0.0403 
140          -0.1590 
141          0.0633 
142          -0.0666 
143          -0.0999 
144          -6.4629 
145          -0.5580 
146          -0.2256 
147          -0.0818 
148          -0.0219 
149          0.0405 
150          0.2999 
151          -16.8482 
