1            -0.0257 
2            -0.1628 
3            -0.3241 
4            -0.0240 
5            -0.0037 
6            -0.0681 
7            -0.1710 
8            -0.0130 
9            -0.3772 
10           -0.0810 
11           -0.1526 
12           -0.0345 
13           0.0364 
14           -0.0666 
15           -0.0481 
16           -0.1214 
17           -0.0854 
18           0.0093 
19           -0.0068 
20           0.0045 
21           -0.0095 
22           0.0072 
23           -0.0179 
24           -0.0326 
25           0.0367 
26           -0.2437 
27           -0.0162 
28           0.0147 
29           -0.0297 
30           -0.0000 
31           -0.0250 
32           -0.0647 
33           -2.2185 
34           -0.0896 
35           -0.0268 
36           -0.0274 
37           -0.0918 
38           0.0114 
39           -0.5604 
40           -0.1738 
41           -0.0652 
42           -0.0631 
43           0.0511 
44           -0.1150 
45           -0.0312 
46           0.0250 
47           -0.0422 
48           -0.0572 
49           -1.1040 
50           -1.3456 
51           -0.3349 
52           -1.8098 
53           -1.5840 
54           -0.7714 
55           -0.8436 
56           0.4709 
57           0.2162 
58           -0.1520 
59           -0.1613 
60           -0.6718 
61           -0.2736 
62           -0.2236 
63           -0.0411 
64           -0.1237 
65           -0.1155 
66           -0.0431 
67           -0.0943 
68           0.0119 
69           0.0065 
70           -0.0123 
71           -0.4057 
72           -0.0455 
73           0.0388 
74           -0.3038 
75           -0.0118 
76           -0.1438 
77           -0.0415 
78           -0.0070 
79           -0.0595 
80           0.0066 
81           -0.0081 
82           -0.0023 
83           -0.0069 
84           -0.0009 
85           -0.0270 
86           -0.0559 
87           -0.0839 
88           -0.0842 
89           -0.0549 
90           -0.2227 
91           -0.0387 
92           -0.0097 
93           -0.0350 
94           -0.1104 
95           -0.1342 
96           0.0239 
97           -0.0329 
98           -0.0620 
99           -0.0136 
100          -0.1621 
101          -0.0081 
102          -0.1022 
103          -0.0086 
104          -0.0332 
105          -0.0577 
106          -0.1588 
107          -0.0085 
108          -0.0179 
109          -0.0215 
110          -0.0455 
111          -0.0324 
112          -0.1007 
113          -0.0645 
114          0.0151 
115          -0.0318 
116          -0.0167 
117          -0.0079 
118          0.0115 
119          -0.0045 
120          0.0030 
121          -0.0016 
122          0.0023 
123          -0.0215 
124          -0.1662 
125          -0.2880 
126          -0.1520 
127          0.0019 
128          -0.1176 
129          0.0070 
130          0.0197 
131          -0.0056 
132          -0.0015 
133          -0.0208 
134          -0.0141 
135          0.1423 
136          -0.0655 
137          -0.3360 
138          -0.0583 
139          -0.0483 
140          -0.0115 
141          -0.1314 
142          -0.0447 
143          -0.0223 
144          -0.0358 
145          -0.0180 
146          -0.0164 
147          -0.0985 
148          -0.0646 
149          -0.0185 
150          0.1319 
151          -20.1746 
