1            0.2354 
2            0.1856 
3            0.2292 
4            -0.0118 
5            -0.0439 
6            0.0326 
7            0.0811 
8            -0.0326 
9            -0.0313 
10           -0.0440 
11           0.0530 
12           0.0286 
13           -0.0608 
14           0.0054 
15           0.0065 
16           0.0032 
17           0.0319 
18           0.0231 
19           -0.1417 
20           0.0057 
21           -0.0111 
22           -0.0165 
23           -0.0086 
24           0.0095 
25           0.2559 
26           -0.0377 
27           0.0598 
28           0.0105 
29           -0.0044 
30           -0.0237 
31           -0.0036 
32           -0.1919 
33           -0.0436 
34           0.0116 
35           -0.2057 
36           -0.0490 
37           0.1758 
38           -0.0127 
39           -0.0127 
40           0.0446 
41           -0.0141 
42           -0.0098 
43           0.0590 
44           0.0265 
45           0.0481 
46           0.2422 
47           -0.0382 
48           -0.0142 
49           0.1156 
50           0.0388 
51           -0.0087 
52           -0.0158 
53           0.0021 
54           0.0384 
55           -0.0192 
56           -0.1121 
57           0.2112 
58           1.0343 
59           -0.0168 
60           -0.0134 
61           -0.0093 
62           -0.0007 
63           0.0399 
64           0.0086 
65           -0.0078 
66           0.0877 
67           0.1269 
68           0.0823 
69           -0.0451 
70           0.0461 
71           -0.0402 
72           -0.0065 
73           0.1075 
74           0.0058 
75           0.0382 
76           0.1145 
77           0.2139 
78           0.0007 
79           0.1237 
80           -0.0237 
81           -0.3290 
82           -0.0129 
83           -0.0882 
84           -0.0625 
85           -0.0450 
86           0.0000 
87           0.0572 
88           0.0712 
89           -0.1499 
90           -0.0248 
91           -0.1838 
92           -0.0393 
93           -0.0202 
94           0.0468 
95           0.0003 
96           0.0285 
97           -0.0111 
98           0.0485 
99           -0.0133 
100          -0.0629 
101          0.0418 
102          0.0285 
103          0.1755 
104          0.0360 
105          0.0500 
106          -0.0124 
107          -0.0171 
108          0.0048 
109          -0.0860 
110          -0.0215 
111          -1.5204 
112          0.1066 
113          0.2461 
114          -0.1117 
115          -0.7551 
116          0.3780 
117          0.2791 
118          0.1053 
119          -0.0461 
120          0.0065 
121          -0.0387 
122          -0.0174 
123          -0.1778 
124          0.0216 
125          0.0814 
126          0.0546 
127          -0.0542 
128          0.0306 
129          -0.0234 
130          -0.0303 
131          -0.0081 
132          -0.0071 
133          0.0365 
134          0.4742 
135          -0.3895 
136          0.0476 
137          -0.4438 
138          -0.3090 
139          -0.0200 
140          -0.0597 
141          -0.0248 
142          -0.0696 
143          -0.0962 
144          -1.9895 
145          -0.3101 
146          -0.0662 
147          -0.0364 
148          -0.0281 
149          -0.0003 
150          -0.1929 
151          -15.2075 
