#Time E_VdW_mm(Protein)	E_Elec_mm(Protein)	E_Pol(Protein)	E_Apol(Protein)	E_VdW_mm(Ligand)	E_Elec_mm(Ligand)	E_Pol(Ligand)	E_Apol(Ligand)	E_VdW_mm(Complex)	E_Elec_mm(Complex)	E_Pol(Complex)	E_Apol(Complex)	Delta_E_mm	Delta_E_Pol	Delta_E_Apol	Delta_E_binding

#Complex 1
          0.000           0.000           0.000       -6378.909         211.037          0.000           0.000         -87.767          12.765       -102.616         -27.584       -6380.917         211.156       -130.200          85.759         -12.646         -57.087
       1000.000           0.000           0.000       -6002.471         214.698          0.000           0.000         -97.144          12.568        -93.697         -11.222       -6009.876         214.555       -104.919          89.739         -12.711         -27.891
       2000.000           0.000           0.000       -6634.327         219.562          0.000           0.000         -95.636          12.860        -68.058         -23.097       -6677.689         222.764        -91.155          52.274          -9.658         -48.539
       3000.000           0.000           0.000       -6153.637         221.868          0.000           0.000        -100.491          12.791        -17.991          -0.117       -6239.813         230.803        -18.108          14.315          -3.856          -7.649
       4000.000           0.000           0.000       -6322.013         218.154          0.000           0.000         -94.308          12.448        -43.587         -14.046       -6393.497         224.674        -57.633          22.824          -5.928         -40.737
       5000.000           0.000           0.000       -5994.108         210.347          0.000           0.000         -86.161          12.601        -71.127          -0.880       -6046.311         214.854        -72.007          33.958          -8.094         -46.143
       6000.000           0.000           0.000       -5774.784         218.429          0.000           0.000         -89.530          12.638        -20.387         -12.051       -5847.656         227.895        -32.438          16.658          -3.172         -18.952
       7000.000           0.000           0.000       -6045.411         217.245          0.000           0.000         -94.480          12.914        -57.819          -5.610       -6098.729         220.726        -63.429          41.162          -9.433         -31.700
       8000.000           0.000           0.000       -6247.046         216.509          0.000           0.000         -91.562          13.037        -35.995          -4.950       -6343.638         223.869        -40.945          -5.030          -5.677         -51.652
       9000.000           0.000           0.000       -6458.092         222.208          0.000           0.000         -98.240          12.493        -71.576           1.630       -6501.219         224.812        -69.946          55.113          -9.889         -24.722
      10000.000           0.000           0.000       -6241.878         218.015          0.000           0.000         -85.980          12.404        -89.128          10.616       -6252.938         217.110        -78.512          74.920         -13.309         -16.901
      11000.000           0.000           0.000       -5883.225         212.699          0.000           0.000         -93.916          12.761        -87.830          -8.504       -5909.063         212.853        -96.334          68.078         -12.607         -40.863
      12000.000           0.000           0.000       -6194.022         220.819          0.000           0.000        -100.112          12.290        -85.971          -1.156       -6232.182         221.093        -87.127          61.952         -12.016         -37.191
      13000.000           0.000           0.000       -5943.572         213.768          0.000           0.000         -98.845          12.733        -84.785         -13.210       -5956.186         212.945        -97.995          86.231         -13.556         -25.320
      14000.000           0.000           0.000       -5765.687         213.477          0.000           0.000         -95.095          12.553        -97.636          -2.605       -5795.966         213.607       -100.241          64.816         -12.423         -47.848
      15000.000           0.000           0.000       -5796.809         210.219          0.000           0.000         -97.504          11.745        -91.437         -19.361       -5806.262         208.868       -110.798          88.051         -13.096         -35.843
      16000.000           0.000           0.000       -5747.804         208.216          0.000           0.000         -96.640          12.636        -76.795         -12.090       -5771.622         209.121        -88.885          72.822         -11.731         -27.794
      17000.000           0.000           0.000       -5596.036         213.602          0.000           0.000         -82.803          12.480        -93.738           9.865       -5610.416         214.032        -83.873          68.423         -12.050         -27.500
      18000.000           0.000           0.000       -5979.062         226.636          0.000           0.000         -82.271          13.028        -45.690         -45.239       -5988.505         230.666        -90.929          72.828          -8.998         -27.099
      19000.000           0.000           0.000       -5916.026         214.202          0.000           0.000         -90.633          12.541        -51.130         -13.039       -5962.845         219.809        -64.169          43.814          -6.934         -27.289
      20000.000           0.000           0.000       -5758.181         216.527          0.000           0.000         -97.673          12.280        -55.273         -24.254       -5796.932         219.086        -79.527          58.922          -9.721         -30.326
      21000.000           0.000           0.000       -5410.444         210.941          0.000           0.000         -98.369          12.426        -89.025         -33.770       -5431.462         210.790       -122.795          77.351         -12.577         -58.021
      22000.000           0.000           0.000       -5842.539         213.193          0.000           0.000         -96.989          12.825        -82.429         -36.130       -5847.637         215.140       -118.559          91.891         -10.878         -37.546
      23000.000           0.000           0.000       -5728.184         212.958          0.000           0.000         -99.213          12.787        -94.312         -31.628       -5738.147         214.222       -125.940          89.250         -11.523         -48.213
      24000.000           0.000           0.000       -6706.687         224.634          0.000           0.000         -95.793          12.334        -91.429         -28.260       -6714.459         226.114       -119.689          88.021         -10.854         -42.522
      25000.000           0.000           0.000       -6119.585         221.802          0.000           0.000         -98.999          12.553        -90.175         -22.173       -6136.172         221.593       -112.348          82.412         -12.762         -42.698
      26000.000           0.000           0.000       -6027.009         225.246          0.000           0.000        -103.756          13.006       -112.614         -46.033       -6017.247         224.371       -158.647         113.518         -13.881         -59.010
      27000.000           0.000           0.000       -6233.844         225.358          0.000           0.000         -91.791          11.947        -87.662         -28.267       -6249.352         225.834       -115.929          76.283         -11.471         -51.117
      28000.000           0.000           0.000       -6382.203         224.590          0.000           0.000         -96.412          12.661        -94.832         -23.062       -6400.236         225.814       -117.894          78.379         -11.437         -50.952
      29000.000           0.000           0.000       -6473.919         219.191          0.000           0.000        -106.049          12.277       -109.713         -21.040       -6500.467         220.175       -130.753          79.501         -11.293         -62.545
      30000.000           0.000           0.000       -6050.180         214.131          0.000           0.000         -80.761          13.057        -87.443         -21.404       -6057.340         214.509       -108.847          73.601         -12.679         -47.925
      31000.000           0.000           0.000       -6074.051         214.152          0.000           0.000         -94.402          12.851         -0.002          -1.042       -6142.617         226.121         -1.044          25.836          -0.882          23.910
      32000.000           0.000           0.000       -6292.147         219.331          0.000           0.000        -105.636          12.116       -135.836         -48.753       -6278.763         217.813       -184.589         119.020         -13.634         -79.203
      33000.000           0.000           0.000       -6404.733         221.921          0.000           0.000        -102.932          12.426         -0.002          -0.943       -6495.707         233.414         -0.945          11.958          -0.933          10.080
      34000.000           0.000           0.000       -6112.701         219.361          0.000           0.000         -94.366          13.082         -0.002          -1.506       -6205.598         231.065         -1.508           1.469          -1.378          -1.417
      35000.000           0.000           0.000       -6335.737         216.678          0.000           0.000        -102.248          12.576        -91.695         -28.770       -6354.762         217.057       -120.465          83.223         -12.197         -49.439
      36000.000           0.000           0.000       -6693.492         226.992          0.000           0.000         -90.218          12.287        -86.595         -31.657       -6703.404         226.810       -118.252          80.306         -12.469         -50.415
      37000.000           0.000           0.000       -6298.255         224.489          0.000           0.000         -97.697          12.714       -100.633         -20.473       -6312.774         224.539       -121.106          83.178         -12.664         -50.592
      38000.000           0.000           0.000       -6504.745         220.998          0.000           0.000         -87.572          12.566        -68.462         -15.702       -6560.204         223.283        -84.164          32.113         -10.281         -62.332
      39000.000           0.000           0.000       -6114.930         213.340          0.000           0.000         -89.035          12.892        -88.768          -8.233       -6145.027         214.359        -97.001          58.938         -11.873         -49.936
      40000.000           0.000           0.000       -6144.865         221.614          0.000           0.000         -97.668          13.142        -74.056         -38.329       -6135.256         224.317       -112.385         107.277         -10.439         -15.547
      41000.000           0.000           0.000       -6519.445         217.438          0.000           0.000         -92.758          12.341        -77.562         -11.937       -6572.106         221.016        -89.499          40.097          -8.763         -58.165
      42000.000           0.000           0.000       -6121.633         221.094          0.000           0.000         -91.267          12.879         -0.002          -0.600       -6199.384         235.562         -0.602          13.516           1.589          14.503
      43000.000           0.000           0.000       -6532.129         226.875          0.000           0.000         -89.734          12.359        -91.730         -36.068       -6541.264         228.221       -127.798          80.599         -11.013         -58.212
      44000.000           0.000           0.000       -5952.636         214.964          0.000           0.000         -98.948          13.094       -100.952         -30.663       -5956.336         217.082       -131.615          95.248         -10.976         -47.343
      45000.000           0.000           0.000       -6143.091         217.366          0.000           0.000         -98.426          12.663         -3.852           2.398       -6171.832         229.925         -1.454          69.685          -0.104          68.127
      46000.000           0.000           0.000       -6062.213         219.741          0.000           0.000         -97.659          12.530         -0.017           0.807       -6195.462         232.238          0.790         -35.590          -0.033         -34.833
      47000.000           0.000           0.000       -6243.260         221.158          0.000           0.000         -96.002          12.679         -0.005          -0.121       -6314.096         233.871         -0.126          25.166           0.034          25.074
      48000.000           0.000           0.000       -6167.426         216.898          0.000           0.000         -86.254          12.578         -0.053           3.606       -6253.585         229.341          3.553           0.095          -0.135           3.513
      49000.000           0.000           0.000       -6135.768         230.343          0.000           0.000         -88.126          12.778         -0.008           1.546       -6179.640         242.423          1.538          44.254          -0.698          45.094
      50000.000           0.000           0.000       -6447.191         225.233          0.000           0.000         -90.258          12.809         -0.003          -0.347       -6596.239         235.171         -0.350         -58.790          -2.871         -62.011
      51000.000           0.000           0.000       -6308.958         217.328          0.000           0.000         -99.876          12.543         -0.014           1.637       -6374.875         230.360          1.623          33.959           0.489          36.071
      52000.000           0.000           0.000       -6201.037         210.988          0.000           0.000         -95.250          12.471         -0.316           3.733       -6261.613         222.854          3.417          34.674          -0.605          37.486
      53000.000           0.000           0.000       -6453.828         221.003          0.000           0.000         -93.481          12.882         -1.730          -1.884       -6490.059         234.616         -3.614          57.250           0.731          54.367
      54000.000           0.000           0.000       -6341.226         216.384          0.000           0.000         -95.999          12.486         -0.466          -1.558       -6441.506         228.930         -2.024          -4.281           0.060          -6.245
      55000.000           0.000           0.000       -6440.770         215.991          0.000           0.000         -99.875          12.499         -0.055          -0.807       -6495.616         228.207         -0.862          45.029          -0.283          43.884
      56000.000           0.000           0.000       -6721.683         225.688          0.000           0.000        -104.669          12.420         -0.000          -0.033       -6814.948         237.222         -0.033          11.404          -0.886          10.485
      57000.000           0.000           0.000       -6343.824         212.771          0.000           0.000         -85.626          12.781         -0.043           1.938       -6465.764         226.864          1.895         -36.314           1.312         -33.107
      58000.000           0.000           0.000       -6342.357         222.953          0.000           0.000         -86.208          12.898         -0.001           0.168       -6452.067         237.195          0.167         -23.502           1.344         -21.991
      59000.000           0.000           0.000       -6519.171         221.758          0.000           0.000         -94.542          13.241         -0.001           0.048       -6696.589         236.906          0.047         -82.876           1.907         -80.922
      60000.000           0.000           0.000       -6224.572         213.687          0.000           0.000         -94.313          12.360        -50.304         -14.879       -6277.165         217.657        -65.183          41.720          -8.390         -31.853
      61000.000           0.000           0.000       -5997.667         215.279          0.000           0.000         -83.634          12.594         -0.002          -0.188       -6111.279         228.353         -0.190         -29.978           0.480         -29.688
      62000.000           0.000           0.000       -6758.030         223.613          0.000           0.000         -91.681          12.784         -0.003          -0.020       -6809.775         237.568         -0.023          39.936           1.171          41.084
      63000.000           0.000           0.000       -6697.991         226.652          0.000           0.000        -104.614          12.480         -0.003           0.477       -6760.415         237.903          0.474          42.190          -1.229          41.435
      64000.000           0.000           0.000       -6081.731         222.992          0.000           0.000         -93.120          12.364         -0.006          -1.581       -6174.513         235.634         -1.587           0.338           0.278          -0.971
      65000.000           0.000           0.000       -6058.117         216.729          0.000           0.000         -95.136          13.250        -42.176         -14.969       -6091.631         224.231        -57.145          61.622          -5.748          -1.271
      66000.000           0.000           0.000       -5746.255         217.579          0.000           0.000         -90.797          12.236        -13.758         -25.997       -5788.268         227.461        -39.755          48.784          -2.354           6.675
      67000.000           0.000           0.000       -6060.560         214.865          0.000           0.000         -93.688          12.290         -0.704          -5.285       -6093.563         227.847         -5.989          60.685           0.692          55.388
      68000.000           0.000           0.000       -6194.946         217.880          0.000           0.000         -92.269          12.813         -0.004          -0.251       -6264.797         230.934         -0.255          22.418           0.241          22.404
      69000.000           0.000           0.000       -5780.169         212.004          0.000           0.000         -90.749          12.746         -0.009           1.804       -5892.719         224.518          1.795         -21.801          -0.232         -20.238
      70000.000           0.000           0.000       -6277.596         221.132          0.000           0.000         -92.958          12.892         -0.003          -0.789       -6412.718         233.506         -0.792         -42.164          -0.518         -43.474
      71000.000           0.000           0.000       -6252.733         215.423          0.000           0.000         -94.612          12.945         -0.001          -0.859       -6314.239         227.851         -0.860          33.106          -0.517          31.729
      72000.000           0.000           0.000       -5967.723         211.473          0.000           0.000         -98.516          12.550         -0.022           0.574       -6062.830         222.184          0.552           3.409          -1.839           2.122
      73000.000           0.000           0.000       -5926.401         209.961          0.000           0.000         -99.370          12.607         -0.937          -2.051       -6066.242         222.319         -2.988         -40.471          -0.249         -43.708
      74000.000           0.000           0.000       -5975.965         209.520          0.000           0.000         -91.634          12.626         -0.005          -1.742       -6100.294         223.426         -1.747         -32.695           1.280         -33.162
      75000.000           0.000           0.000       -5787.512         203.198          0.000           0.000         -85.190          12.328         -0.008           1.348       -5830.304         214.030          1.340          42.398          -1.496          42.242
      76000.000           0.000           0.000       -5878.594         204.871          0.000           0.000         -99.338          12.588         -0.003           0.843       -5977.865         219.166          0.840           0.067           1.707           2.614
      77000.000           0.000           0.000       -5713.414         202.873          0.000           0.000         -96.668          12.844         -0.008           0.685       -5848.581         217.083          0.677         -38.499           1.366         -36.456
      78000.000           0.000           0.000       -5585.883         220.394          0.000           0.000         -95.176          12.280         -0.016          -1.429       -5696.246         231.585         -1.445         -15.187          -1.089         -17.721
      79000.000           0.000           0.000       -5783.829         216.030          0.000           0.000         -98.212          12.638         -0.007           1.402       -5856.720         229.427          1.395          25.321           0.759          27.475
      80000.000           0.000           0.000       -5811.760         212.572          0.000           0.000         -85.330          12.025         -0.770           5.873       -5860.946         224.742          5.103          36.144           0.145          41.392
      81000.000           0.000           0.000       -5919.751         219.626          0.000           0.000        -100.509          12.975        -48.063           4.174       -6009.785         224.043        -43.889          10.475          -8.558         -41.972
      82000.000           0.000           0.000       -5941.145         212.857          0.000           0.000         -88.976          12.515        -68.668         -25.061       -5963.854         217.589        -93.729          66.267          -7.783         -35.245
      83000.000           0.000           0.000       -5855.177         211.058          0.000           0.000         -94.472          12.803        -49.463          -8.035       -5939.388         218.230        -57.498          10.261          -5.631         -52.868
      84000.000           0.000           0.000       -6077.520         209.505          0.000           0.000         -98.091          12.287         -0.016          -1.223       -6159.801         221.269         -1.239          15.810          -0.523          14.048
      85000.000           0.000           0.000       -5895.005         210.789          0.000           0.000         -87.135          12.689         -0.008          -1.449       -5982.334         224.470         -1.457          -0.194           0.992          -0.659
      86000.000           0.000           0.000       -5753.399         214.314          0.000           0.000         -99.728          12.657         -0.005          -0.203       -5807.852         225.872         -0.208          45.275          -1.099          43.968
      87000.000           0.000           0.000       -6129.804         216.966          0.000           0.000         -86.971          11.856         -0.012           1.801       -6197.680         228.823          1.789          19.095           0.001          20.885
      88000.000           0.000           0.000       -6499.724         221.335          0.000           0.000        -104.182          13.025         -1.121           4.960       -6568.597         233.546          3.839          35.309          -0.814          38.334
      89000.000           0.000           0.000       -6256.636         217.084          0.000           0.000         -86.731          12.623         -0.006           0.739       -6284.589         230.425          0.733          58.778           0.718          60.229
      90000.000           0.000           0.000       -5726.779         218.738          0.000           0.000         -96.148          12.891         -0.009           1.098       -5808.240         232.527          1.089          14.687           0.898          16.674
      91000.000           0.000           0.000       -5814.871         206.010          0.000           0.000         -80.562          12.382         -0.003          -1.248       -5863.160         218.236         -1.251          32.273          -0.156          30.866
      92000.000           0.000           0.000       -5900.531         215.646          0.000           0.000         -80.933          12.974        -62.346         -21.294       -5945.146         220.388        -83.640          36.318          -8.232         -55.554
      93000.000           0.000           0.000       -5945.754         217.412          0.000           0.000         -95.973          12.062        -47.557         -21.974       -6002.417         223.059        -69.531          39.310          -6.415         -36.636
      94000.000           0.000           0.000       -5823.391         213.675          0.000           0.000         -89.870          12.506        -40.465         -16.449       -5896.538         220.067        -56.914          16.723          -6.114         -46.305
      95000.000           0.000           0.000       -6169.048         215.158          0.000           0.000         -88.365          12.588        -46.628          10.455       -6251.431         220.920        -36.173           5.982          -6.826         -37.017
      96000.000           0.000           0.000       -6047.152         215.843          0.000           0.000         -82.427          13.085        -37.964           3.428       -6122.346         224.189        -34.536           7.233          -4.739         -32.042
      97000.000           0.000           0.000       -6309.564         216.019          0.000           0.000         -91.050          12.195        -55.509          -5.036       -6372.711         220.700        -60.545          27.903          -7.514         -40.156
      98000.000           0.000           0.000       -6206.936         213.883          0.000           0.000         -95.860          12.749        -37.886          -7.255       -6300.220         220.756        -45.141           2.576          -5.876         -48.441
      99000.000           0.000           0.000       -6251.040         221.963          0.000           0.000        -100.613          12.686        -52.969          -8.066       -6326.148         226.720        -61.035          25.505          -7.929         -43.459
     100000.000           0.000           0.000       -5745.978         217.071          0.000           0.000        -100.130          12.465        -53.450          -6.838       -5804.790         222.569        -60.288          41.318          -6.967         -25.937
