#Time E_VdW_mm(Protein)	E_Elec_mm(Protein)	E_Pol(Protein)	E_Apol(Protein)	E_VdW_mm(Ligand)	E_Elec_mm(Ligand)	E_Pol(Ligand)	E_Apol(Ligand)	E_VdW_mm(Complex)	E_Elec_mm(Complex)	E_Pol(Complex)	E_Apol(Complex)	Delta_E_mm	Delta_E_Pol	Delta_E_Apol	Delta_E_binding

#Complex 1
          0.000           0.000           0.000       -6347.636         212.090          0.000           0.000         -71.432          14.539       -145.871         -41.590       -6289.180         212.476       -187.461         129.888         -14.153         -71.726
       1000.000           0.000           0.000       -6383.977         220.483          0.000           0.000         -66.441          14.554       -104.110         -25.248       -6375.955         223.781       -129.358          74.463         -11.256         -66.151
       2000.000           0.000           0.000       -5995.377         216.267          0.000           0.000         -72.989          14.408       -114.105         -36.701       -5952.879         216.888       -150.806         115.487         -13.787         -49.106
       3000.000           0.000           0.000       -6167.779         213.140          0.000           0.000         -70.330          14.926       -108.131         -34.446       -6139.628         214.316       -142.577          98.481         -13.750         -57.846
       4000.000           0.000           0.000       -6193.747         219.618          0.000           0.000         -76.770          15.214       -112.586         -47.491       -6161.654         219.139       -160.077         108.863         -15.693         -66.907
       5000.000           0.000           0.000       -5983.124         218.463          0.000           0.000         -73.509          14.117       -134.123         -53.326       -5935.583         219.296       -187.449         121.050         -13.284         -79.683
       6000.000           0.000           0.000       -5901.496         221.509          0.000           0.000         -68.996          15.195       -120.674         -30.225       -5868.887         223.168       -150.899         101.605         -13.536         -62.830
       7000.000           0.000           0.000       -5683.957         208.844          0.000           0.000         -68.211          14.852       -103.143         -24.872       -5666.741         209.814       -128.015          85.427         -13.882         -56.470
       8000.000           0.000           0.000       -5525.760         209.012          0.000           0.000         -70.605          14.383       -119.089         -26.169       -5498.548         209.464       -145.258          97.817         -13.931         -61.372
       9000.000           0.000           0.000       -5711.485         203.674          0.000           0.000         -66.954          14.773       -150.923         -32.998       -5658.660         202.334       -183.921         119.779         -16.113         -80.255
      10000.000           0.000           0.000       -5905.497         216.551          0.000           0.000         -73.503          16.947       -134.066         -31.441       -5864.096         216.606       -165.507         114.904         -16.892         -67.495
      11000.000           0.000           0.000       -5872.976         211.842          0.000           0.000         -68.627          14.960       -136.489         -27.608       -5831.579         209.973       -164.097         110.024         -16.829         -70.902
      12000.000           0.000           0.000       -5568.659         208.780          0.000           0.000         -69.999          14.507       -122.952         -42.861       -5522.104         208.911       -165.813         116.554         -14.376         -63.635
      13000.000           0.000           0.000       -5822.647         211.778          0.000           0.000         -66.911          14.716       -123.394         -29.115       -5788.173         212.247       -152.509         101.385         -14.247         -65.371
      14000.000           0.000           0.000       -5990.422         211.085          0.000           0.000         -72.483          16.174       -139.673         -31.579       -5950.810         210.839       -171.252         112.095         -16.420         -75.577
      15000.000           0.000           0.000       -5593.684         213.613          0.000           0.000         -72.668          15.769       -133.178         -42.521       -5543.414         212.598       -175.699         122.938         -16.784         -69.545
      16000.000           0.000           0.000       -5777.354         215.493          0.000           0.000         -63.928          14.612       -110.964         -21.115       -5754.592         217.296       -132.079          86.690         -12.809         -58.198
      17000.000           0.000           0.000       -6072.604         214.052          0.000           0.000         -66.423          14.634        -98.386         -10.094       -6063.466         217.803       -108.480          75.561         -10.883         -43.802
      18000.000           0.000           0.000       -5971.252         208.754          0.000           0.000         -71.950          15.445         -0.002          -0.150       -6038.663         224.744         -0.152           4.539           0.545           4.932
      19000.000           0.000           0.000       -6117.544         213.933          0.000           0.000         -74.491          15.011        -85.942          -7.918       -6134.786         218.553        -93.860          57.249         -10.391         -47.002
      20000.000           0.000           0.000       -6412.981         219.564          0.000           0.000         -65.697          14.960        -59.221          -9.589       -6440.390         225.280        -68.810          38.288          -9.244         -39.766
      21000.000           0.000           0.000       -6069.488         203.942          0.000           0.000         -73.958          15.575        -57.383          -3.729       -6109.999         212.428        -61.112          33.447          -7.089         -34.754
      22000.000           0.000           0.000       -6052.001         210.059          0.000           0.000         -68.699          14.719        -62.229          -8.035       -6095.940         218.023        -70.264          24.760          -6.755         -52.259
      23000.000           0.000           0.000       -5907.726         210.469          0.000           0.000         -74.441          15.198        -62.446          -9.207       -5947.165         218.111        -71.653          35.002          -7.556         -44.207
      24000.000           0.000           0.000       -6005.779         208.158          0.000           0.000         -69.914          14.459        -58.032          -6.057       -6048.239         215.638        -64.089          27.454          -6.979         -43.614
      25000.000           0.000           0.000       -6176.335         212.525          0.000           0.000         -66.719          15.125        -63.067          -2.487       -6218.032         219.870        -65.554          25.022          -7.780         -48.312
      26000.000           0.000           0.000       -6151.936         209.589          0.000           0.000         -74.208          14.612        -99.643           0.962       -6179.552         210.836        -98.681          46.592         -13.365         -65.454
      27000.000           0.000           0.000       -6141.583         212.827          0.000           0.000         -71.805          14.840        -83.018          -8.141       -6168.091         217.676        -91.159          45.297          -9.991         -55.853
      28000.000           0.000           0.000       -5707.985         212.725          0.000           0.000         -69.455          14.843        -43.335          -2.364       -5778.522         220.540        -45.699          -1.082          -7.028         -53.809
      29000.000           0.000           0.000       -6109.320         224.104          0.000           0.000         -78.586          15.023        -30.612          -3.397       -6170.169         233.035        -34.009          17.737          -6.092         -22.364
      30000.000           0.000           0.000       -6076.604         219.907          0.000           0.000         -71.647          15.765        -87.691         -10.006       -6090.659         222.971        -97.697          57.592         -12.701         -52.806
      31000.000           0.000           0.000       -5858.966         214.699          0.000           0.000         -71.830          15.179        -83.284          -8.441       -5869.719         218.317        -91.725          61.077         -11.561         -42.209
      32000.000           0.000           0.000       -5496.248         202.338          0.000           0.000         -69.965          14.725        -73.900         -21.381       -5496.412         208.049        -95.281          69.801          -9.014         -34.494
      33000.000           0.000           0.000       -5569.479         206.371          0.000           0.000         -68.463          15.096        -62.738          -1.563       -5616.658         214.244        -64.301          21.284          -7.223         -50.240
      34000.000           0.000           0.000       -5834.840         216.848          0.000           0.000         -71.248          14.440        -69.508          -9.669       -5846.394         221.924        -79.177          59.694          -9.364         -28.847
      35000.000           0.000           0.000       -5768.741         214.751          0.000           0.000         -65.869          15.293        -80.225         -12.004       -5785.041         220.492        -92.229          49.569          -9.552         -52.212
      36000.000           0.000           0.000       -5883.784         213.601          0.000           0.000         -70.436          14.656        -64.645          -3.069       -5902.261         221.190        -67.714          51.959          -7.067         -22.822
      37000.000           0.000           0.000       -5971.280         212.222          0.000           0.000         -65.220          14.349        -72.407         -12.874       -5995.919         217.210        -85.281          40.581          -9.361         -54.061
      38000.000           0.000           0.000       -6104.520         211.255          0.000           0.000         -66.339          15.100        -66.234          -7.393       -6132.321         217.057        -73.627          38.538          -9.298         -44.387
      39000.000           0.000           0.000       -5889.215         212.275          0.000           0.000         -68.791          15.448        -57.356           0.199       -5938.633         219.749        -57.157          19.373          -7.974         -45.758
      40000.000           0.000           0.000       -5797.100         214.076          0.000           0.000         -72.509          15.584        -50.054           5.130       -5854.586         222.131        -44.924          15.023          -7.529         -37.430
      41000.000           0.000           0.000       -6048.564         216.350          0.000           0.000         -73.261          15.575        -79.606          -5.389       -6088.920         222.417        -84.995          32.905          -9.508         -61.598
      42000.000           0.000           0.000       -5541.376         207.702          0.000           0.000         -65.998          14.954        -87.425           0.049       -5568.912         213.373        -87.376          38.462          -9.283         -58.197
      43000.000           0.000           0.000       -5721.869         214.289          0.000           0.000         -70.104          15.778        -86.550          -2.541       -5749.667         219.508        -89.091          42.306         -10.559         -57.344
      44000.000           0.000           0.000       -5480.610         198.424          0.000           0.000         -71.432          15.987         -0.008           0.899       -5552.652         214.753          0.891          -0.610           0.342           0.623
      45000.000           0.000           0.000       -5482.007         209.365          0.000           0.000         -71.100          15.559         -0.055          -0.667       -5494.272         224.501         -0.722          58.835          -0.423          57.690
      46000.000           0.000           0.000       -5966.865         215.839          0.000           0.000         -76.435          16.142         -0.441          -0.332       -6032.604         231.962         -0.773          10.696          -0.019           9.904
      47000.000           0.000           0.000       -5831.409         214.851          0.000           0.000         -71.361          15.489         -0.009           0.368       -5905.148         229.133          0.359          -2.378          -1.207          -3.226
      48000.000           0.000           0.000       -5814.922         218.721          0.000           0.000         -73.650          14.780         -0.023           0.494       -5867.355         233.004          0.471          21.217          -0.497          21.191
      49000.000           0.000           0.000       -6127.108         220.596          0.000           0.000         -66.890          15.026        -83.049          -0.977       -6164.201         224.073        -84.026          29.797         -11.549         -65.778
      50000.000           0.000           0.000       -6001.491         218.976          0.000           0.000         -64.907          14.637        -97.397          -8.222       -6006.603         222.340       -105.619          59.795         -11.273         -57.097
      51000.000           0.000           0.000       -6120.956         216.712          0.000           0.000         -76.430          15.692       -102.343         -20.056       -6127.716         218.695       -122.399          69.670         -13.709         -66.438
      52000.000           0.000           0.000       -6008.018         223.967          0.000           0.000         -67.328          15.239        -98.390          -7.844       -6023.882         227.403       -106.234          51.464         -11.803         -66.573
      53000.000           0.000           0.000       -5913.545         211.981          0.000           0.000         -73.611          15.043       -129.506         -11.063       -5908.683         212.879       -140.569          78.473         -14.145         -76.241
      54000.000           0.000           0.000       -6013.446         211.584          0.000           0.000         -68.319          14.488       -108.706         -10.508       -6017.139         214.366       -119.214          64.626         -11.706         -66.294
      55000.000           0.000           0.000       -5677.499         210.561          0.000           0.000         -70.773          14.970       -112.317         -12.937       -5679.885         212.404       -125.254          68.387         -13.127         -69.994
      56000.000           0.000           0.000       -6039.359         219.719          0.000           0.000         -73.539          15.246        -97.806         -14.953       -6051.466         221.783       -112.759          61.432         -13.182         -64.509
      57000.000           0.000           0.000       -5966.281         213.460          0.000           0.000         -69.717          15.531       -116.711          -5.140       -5976.737         215.607       -121.851          59.261         -13.384         -75.974
      58000.000           0.000           0.000       -5604.050         214.377          0.000           0.000         -67.970          14.637       -111.852         -10.571       -5607.383         215.902       -122.423          64.637         -13.112         -70.898
      59000.000           0.000           0.000       -5602.267         212.028          0.000           0.000         -70.435          14.406       -108.220          -3.785       -5616.251         214.600       -112.005          56.451         -11.834         -67.388
      60000.000           0.000           0.000       -5758.426         216.196          0.000           0.000         -74.058          15.559       -105.605         -11.906       -5778.797         218.648       -117.511          53.687         -13.107         -76.931
      61000.000           0.000           0.000       -5833.290         216.118          0.000           0.000         -70.916          14.088        -91.755         -12.461       -5845.434         218.814       -104.216          58.772         -11.392         -56.836
      62000.000           0.000           0.000       -5731.500         220.100          0.000           0.000         -63.812          14.694       -118.286         -10.636       -5733.301         221.314       -128.922          62.011         -13.480         -80.391
      63000.000           0.000           0.000       -6042.688         216.343          0.000           0.000         -76.741          15.955        -89.155          -4.911       -6067.908         220.643        -94.066          51.521         -11.655         -54.200
      64000.000           0.000           0.000       -5822.759         219.519          0.000           0.000         -68.776          16.174        -99.866         -13.466       -5834.551         222.867       -113.332          56.984         -12.826         -69.174
      65000.000           0.000           0.000       -5724.078         214.334          0.000           0.000         -76.848          15.055       -111.368         -10.747       -5734.465         216.028       -122.115          66.461         -13.361         -69.015
      66000.000           0.000           0.000       -5903.566         216.349          0.000           0.000         -74.388          14.992       -107.226          -7.856       -5924.488         218.648       -115.082          53.466         -12.693         -74.309
      67000.000           0.000           0.000       -5950.755         212.985          0.000           0.000         -67.466          14.193         -0.003          -0.422       -5983.057         227.228         -0.425          35.164           0.050          34.789
      68000.000           0.000           0.000       -5976.105         216.493          0.000           0.000         -63.856          14.729         -0.003          -0.165       -6006.703         232.223         -0.168          33.258           1.001          34.091
      69000.000           0.000           0.000       -5764.473         216.912          0.000           0.000         -72.337          14.935         -0.002          -0.331       -5830.396         230.972         -0.333           6.414          -0.875           5.206
      70000.000           0.000           0.000       -5815.739         220.344          0.000           0.000         -67.083          14.469         -0.002          -1.032       -5923.933         236.184         -1.034         -41.111           1.371         -40.774
      71000.000           0.000           0.000       -6004.252         217.072          0.000           0.000         -69.113          14.438         -0.002          -1.019       -6107.349         232.425         -1.021         -33.984           0.915         -34.090
      72000.000           0.000           0.000       -5992.446         220.886          0.000           0.000         -74.789          15.182         -0.002          -0.592       -6031.549         235.562         -0.594          35.686          -0.506          34.586
      73000.000           0.000           0.000       -5862.801         212.528          0.000           0.000         -73.967          15.702         -0.001          -0.745       -5919.788         228.446         -0.746          16.980           0.216          16.450
      74000.000           0.000           0.000       -5867.291         210.690          0.000           0.000         -72.971          15.360         -0.002          -0.882       -5928.047         226.345         -0.884          12.215           0.295          11.626
      75000.000           0.000           0.000       -5624.942         216.108          0.000           0.000         -70.724          14.446         -0.002          -0.165       -5675.100         230.870         -0.167          20.566           0.316          20.715
      76000.000           0.000           0.000       -5825.767         212.865          0.000           0.000         -71.113          15.746       -100.778          -9.538       -5844.779         214.286       -110.316          52.101         -14.325         -72.540
      77000.000           0.000           0.000       -5939.292         208.066          0.000           0.000         -72.267          15.489       -111.108         -11.964       -5954.313         213.577       -123.072          57.246          -9.978         -75.804
      78000.000           0.000           0.000       -5910.972         215.940          0.000           0.000         -69.586          15.353        -97.757          -8.690       -5943.183         219.568       -106.447          37.375         -11.725         -80.797
      79000.000           0.000           0.000       -5784.706         212.909          0.000           0.000         -67.207          14.428       -106.313         -12.984       -5794.899         215.221       -119.297          57.014         -12.116         -74.399
      80000.000           0.000           0.000       -5666.638         208.749          0.000           0.000         -71.379          15.705       -131.291         -13.920       -5669.924         209.581       -145.211          68.093         -14.873         -91.991
      81000.000           0.000           0.000       -5845.195         213.957          0.000           0.000         -68.391          15.397       -115.394         -13.740       -5842.763         215.975       -129.134          70.823         -13.379         -71.690
      82000.000           0.000           0.000       -5898.693         211.423          0.000           0.000         -69.165          15.483       -116.164         -13.774       -5896.637         212.957       -129.938          71.221         -13.949         -72.666
      83000.000           0.000           0.000       -5911.695         217.245          0.000           0.000         -68.972          15.201         -0.001          -0.744       -5986.690         232.257         -0.745          -6.023          -0.189          -6.957
      84000.000           0.000           0.000       -5932.300         215.226          0.000           0.000         -67.935          15.191       -118.384          -7.918       -5938.737         217.547       -126.302          61.498         -12.870         -77.674
      85000.000           0.000           0.000       -5852.754         209.975          0.000           0.000         -72.540          15.734       -104.795          -5.826       -5881.623         212.498       -110.621          43.671         -13.211         -80.161
      86000.000           0.000           0.000       -5666.279         216.941          0.000           0.000         -69.032          15.685         -0.002           0.166       -5779.523         234.907          0.164         -44.212           2.281         -41.767
      87000.000           0.000           0.000       -5853.574         216.627          0.000           0.000         -67.090          15.708         -0.003          -0.167       -5963.583         232.222         -0.170         -42.919          -0.113         -43.202
      88000.000           0.000           0.000       -5907.152         217.725          0.000           0.000         -81.594          15.363         -0.002           0.381       -5944.035         232.507          0.379          44.711          -0.581          44.509
      89000.000           0.000           0.000       -5911.947         211.984          0.000           0.000         -67.631          14.637         -0.003           0.382       -5957.770         226.992          0.379          21.808           0.371          22.558
      90000.000           0.000           0.000       -5872.058         215.431          0.000           0.000         -85.496          15.461        -86.720          -9.713       -5911.648         219.178        -96.433          45.906         -11.714         -62.241
      91000.000           0.000           0.000       -5650.256         209.148          0.000           0.000         -71.018          14.162         -0.002          -0.084       -5731.994         223.243         -0.086         -10.720          -0.067         -10.873
      92000.000           0.000           0.000       -5858.776         213.419          0.000           0.000         -73.907          15.521         -0.002          -0.129       -5943.866         229.086         -0.131         -11.183           0.146         -11.168
      93000.000           0.000           0.000       -5793.304         213.282          0.000           0.000         -74.059          14.815        -86.383           2.789       -5831.172         217.245        -83.594          36.191         -10.852         -58.255
      94000.000           0.000           0.000       -5503.025         217.177          0.000           0.000         -70.683          14.944         -0.002          -0.056       -5614.324         231.114         -0.058         -40.616          -1.007         -41.681
      95000.000           0.000           0.000       -5802.278         219.717          0.000           0.000         -64.575          14.241         -0.001           0.277       -5858.648         232.441          0.276           8.205          -1.517           6.964
      96000.000           0.000           0.000       -5698.502         217.907          0.000           0.000         -65.882          15.093        -95.406          -5.275       -5724.996         221.455       -100.681          39.388         -11.545         -72.838
      97000.000           0.000           0.000       -5763.456         219.186          0.000           0.000         -68.243          15.112        -91.070          -2.896       -5776.645         222.637        -93.966          55.054         -11.661         -50.573
      98000.000           0.000           0.000       -5801.597         215.473          0.000           0.000         -67.852          15.309        -77.143          -4.811       -5830.139         218.749        -81.954          39.310         -12.033         -54.677
      99000.000           0.000           0.000       -5702.579         213.207          0.000           0.000         -71.796          15.045        -66.776          -6.362       -5737.200         218.507        -73.138          37.175          -9.745         -45.708
     100000.000           0.000           0.000       -5778.786         219.485          0.000           0.000         -69.534          15.363       -108.245           0.274       -5776.166         221.498       -107.971          72.154         -13.350         -49.167
