#Time E_VdW_mm(Protein)	E_Elec_mm(Protein)	E_Pol(Protein)	E_Apol(Protein)	E_VdW_mm(Ligand)	E_Elec_mm(Ligand)	E_Pol(Ligand)	E_Apol(Ligand)	E_VdW_mm(Complex)	E_Elec_mm(Complex)	E_Pol(Complex)	E_Apol(Complex)	Delta_E_mm	Delta_E_Pol	Delta_E_Apol	Delta_E_binding

#Complex 1
          0.000           0.000           0.000       -6328.061         209.862          0.000           0.000         -73.536          10.791       -122.513         -15.050       -6278.898         206.021       -137.563         122.699         -14.632         -29.496
       1000.000           0.000           0.000       -6573.499         220.348          0.000           0.000         -73.885          10.864        -94.639         -24.828       -6561.195         218.339       -119.467          86.189         -12.873         -46.151
       2000.000           0.000           0.000       -6260.768         216.047          0.000           0.000         -69.718          10.593        -85.920         -23.230       -6241.516         215.546       -109.150          88.970         -11.094         -31.274
       3000.000           0.000           0.000       -6501.709         222.392          0.000           0.000         -66.825          11.216        -91.397         -29.055       -6454.114         220.054       -120.452         114.420         -13.554         -19.586
       4000.000           0.000           0.000       -6380.313         220.984          0.000           0.000         -69.411          11.108        -85.182          -0.812       -6371.401         219.598        -85.994          78.323         -12.494         -20.165
       5000.000           0.000           0.000       -5761.662         227.206          0.000           0.000         -66.184          10.820        -59.724          -7.783       -5792.794         228.014        -67.507          35.052         -10.012         -42.467
       6000.000           0.000           0.000       -5835.760         211.416          0.000           0.000         -76.019          10.857        -74.425          -7.319       -5846.790         212.077        -81.744          64.989         -10.196         -26.951
       7000.000           0.000           0.000       -5901.930         211.187          0.000           0.000         -72.224          10.663        -48.328           4.009       -5969.259         213.616        -44.319           4.895          -8.234         -47.658
       8000.000           0.000           0.000       -5736.872         218.683          0.000           0.000         -65.993          10.691        -23.941           1.090       -5822.601         226.380        -22.851         -19.736          -2.994         -45.581
       9000.000           0.000           0.000       -5755.840         210.852          0.000           0.000         -67.851          10.450        -55.780          -3.734       -5812.095         214.051        -59.514          11.596          -7.251         -55.169
      10000.000           0.000           0.000       -6033.075         215.607          0.000           0.000         -73.974          10.084        -53.044          -8.521       -6108.623         218.219        -61.565          -1.574          -7.472         -70.611
      11000.000           0.000           0.000       -5851.152         219.017          0.000           0.000         -69.481          10.527        -58.560          -4.899       -5926.414         223.234        -63.459          -5.781          -6.310         -75.550
      12000.000           0.000           0.000       -6190.126         216.410          0.000           0.000         -68.113          10.491        -49.066         -10.040       -6234.024         219.257        -59.106          24.215          -7.644         -42.535
      13000.000           0.000           0.000       -5749.149         207.232          0.000           0.000         -66.044          10.839        -57.203         -10.523       -5779.187         210.525        -67.726          36.006          -7.546         -39.266
      14000.000           0.000           0.000       -6205.144         223.341          0.000           0.000         -68.560          10.854        -66.670         -12.533       -6227.825         225.248        -79.203          45.879          -8.947         -42.271
      15000.000           0.000           0.000       -6397.796         221.397          0.000           0.000         -70.695          11.031        -70.044         -12.049       -6443.703         224.409        -82.093          24.788          -8.019         -65.324
      16000.000           0.000           0.000       -5988.877         222.927          0.000           0.000         -64.645          10.241        -62.467          -2.386       -6048.833         224.556        -64.853           4.689          -8.612         -68.776
      17000.000           0.000           0.000       -5796.360         214.280          0.000           0.000         -68.462          11.137        -44.972           1.151       -5858.127         218.413        -43.821           6.695          -7.004         -44.130
      18000.000           0.000           0.000       -6416.467         212.935          0.000           0.000         -69.030          10.459        -60.076           2.769       -6450.924         214.561        -57.307          34.573          -8.833         -31.567
      19000.000           0.000           0.000       -6068.516         215.625          0.000           0.000         -66.223          10.697        -64.209          -6.914       -6107.121         219.329        -71.123          27.618          -6.993         -50.498
      20000.000           0.000           0.000       -6346.883         231.126          0.000           0.000         -72.421          10.194        -57.884         -16.613       -6377.531         232.131        -74.497          41.773          -9.189         -41.913
      21000.000           0.000           0.000       -6190.280         219.867          0.000           0.000         -71.070          10.379        -41.270          -0.296       -6272.297         224.454        -41.566         -10.947          -5.792         -58.305
      22000.000           0.000           0.000       -6061.961         224.119          0.000           0.000         -70.336          11.343        -65.337          -7.496       -6096.782         226.564        -72.833          35.515          -8.898         -46.216
      23000.000           0.000           0.000       -6078.392         217.349          0.000           0.000         -71.997          10.601        -52.643           5.410       -6150.611         217.434        -47.233          -0.222         -10.516         -57.971
      24000.000           0.000           0.000       -6177.377         215.636          0.000           0.000         -69.289          10.195        -65.369         -20.150       -6201.880         218.923        -85.519          44.786          -6.908         -47.641
      25000.000           0.000           0.000       -6038.574         219.346          0.000           0.000         -73.906          10.919        -62.960         -23.288       -6066.251         222.525        -86.248          46.229          -7.740         -47.759
      26000.000           0.000           0.000       -6219.538         223.421          0.000           0.000         -74.313          11.190        -45.007          -6.497       -6296.802         227.210        -51.504          -2.951          -7.401         -61.856
      27000.000           0.000           0.000       -6258.096         212.957          0.000           0.000         -72.212          10.536        -70.953          -9.592       -6300.099         215.424        -80.545          30.209          -8.069         -58.405
      28000.000           0.000           0.000       -5977.139         216.256          0.000           0.000         -73.096           9.707        -64.271          -6.040       -6031.549         218.853        -70.311          18.686          -7.110         -58.735
      29000.000           0.000           0.000       -6061.383         211.836          0.000           0.000         -68.815          11.293         -0.001           0.110       -6138.262         222.861          0.109          -8.064          -0.268          -8.223
      30000.000           0.000           0.000       -6210.379         218.540          0.000           0.000         -71.327          11.118        -58.761         -12.610       -6244.104         221.316        -71.371          37.602          -8.342         -42.111
      31000.000           0.000           0.000       -6358.429         213.334          0.000           0.000         -72.207           9.949        -69.263         -17.446       -6392.447         215.853        -86.709          38.189          -7.430         -55.950
      32000.000           0.000           0.000       -6164.975         209.548          0.000           0.000         -68.669          10.796        -53.333          -6.717       -6208.819         214.035        -60.050          24.825          -6.309         -41.534
      33000.000           0.000           0.000       -6121.375         212.632          0.000           0.000         -73.260          11.348        -56.470          -6.212       -6163.093         214.237        -62.682          31.542          -9.743         -40.883
      34000.000           0.000           0.000       -6132.896         208.418          0.000           0.000         -68.068          10.672        -45.983          -5.149       -6216.075         213.839        -51.132         -15.111          -5.251         -71.494
      35000.000           0.000           0.000       -6213.799         218.739          0.000           0.000         -70.867          10.676        -50.252           0.299       -6268.406         221.859        -49.953          16.260          -7.556         -41.249
      36000.000           0.000           0.000       -6079.599         215.160          0.000           0.000         -67.917          10.492        -68.333         -26.142       -6086.844         218.156        -94.475          60.672          -7.496         -41.299
      37000.000           0.000           0.000       -6081.897         217.106          0.000           0.000         -70.639          11.804         -0.001          -0.028       -6176.148         228.615         -0.029         -23.612          -0.295         -23.936
      38000.000           0.000           0.000       -5921.235         206.613          0.000           0.000         -73.523          10.806        -63.995           1.046       -5995.590         209.590        -62.949          -0.832          -7.829         -71.610
      39000.000           0.000           0.000       -6004.307         210.313          0.000           0.000         -73.892          11.082         -0.001           0.453       -6106.542         221.971          0.452         -28.343           0.576         -27.315
      40000.000           0.000           0.000       -5658.191         207.606          0.000           0.000         -68.471          10.468        -66.785          -9.686       -5688.630         211.994        -76.471          38.032          -6.080         -44.519
      41000.000           0.000           0.000       -5712.927         208.933          0.000           0.000         -74.220          10.280        -68.561         -15.999       -5745.912         211.918        -84.560          41.235          -7.295         -50.620
      42000.000           0.000           0.000       -6113.789         212.762          0.000           0.000         -76.931          11.933        -59.563         -12.302       -6154.002         216.372        -71.865          36.718          -8.323         -43.470
      43000.000           0.000           0.000       -5804.143         203.862          0.000           0.000         -66.595          10.710        -50.090           4.238       -5841.543         207.814        -45.852          29.195          -6.758         -23.415
      44000.000           0.000           0.000       -6316.207         215.754          0.000           0.000         -75.081          10.658        -65.117         -12.845       -6355.173         217.952        -77.962          36.115          -8.460         -50.307
      45000.000           0.000           0.000       -5819.218         211.873          0.000           0.000         -72.228          10.552        -64.128         -18.915       -5858.327         214.381        -83.043          33.119          -8.044         -57.968
      46000.000           0.000           0.000       -6084.329         211.177          0.000           0.000         -70.803          10.423        -66.677         -12.672       -6145.451         214.126        -79.349           9.681          -7.474         -77.142
      47000.000           0.000           0.000       -6057.125         213.229          0.000           0.000         -75.004          10.528        -63.403         -14.747       -6113.662         215.358        -78.150          18.467          -8.399         -68.082
      48000.000           0.000           0.000       -6034.452         209.300          0.000           0.000         -69.494          10.837        -62.879         -14.852       -6066.387         212.675        -77.731          37.559          -7.462         -47.634
      49000.000           0.000           0.000       -6498.912         212.708          0.000           0.000         -73.190          11.190         -0.002          -0.150       -6600.392         223.577         -0.152         -28.290          -0.321         -28.763
      50000.000           0.000           0.000       -6247.970         208.963          0.000           0.000         -68.912          10.815        -58.772         -11.503       -6287.863         211.718        -70.275          29.019          -8.060         -49.316
      51000.000           0.000           0.000       -6418.237         217.949          0.000           0.000         -69.312          11.005         -0.002          -0.303       -6542.961         228.899         -0.305         -55.412          -0.055         -55.772
      52000.000           0.000           0.000       -6276.075         210.938          0.000           0.000         -67.070          11.148        -42.730          -4.542       -6332.460         216.140        -47.272          10.685          -5.946         -42.533
      53000.000           0.000           0.000       -6492.793         214.131          0.000           0.000         -65.175          10.651         -0.003          -0.127       -6499.066         225.948         -0.130          58.902           1.166          59.938
      54000.000           0.000           0.000       -6087.448         209.757          0.000           0.000         -73.306          11.155        -50.111          -1.308       -6148.342         213.727        -51.419          12.412          -7.185         -46.192
      55000.000           0.000           0.000       -6354.953         212.355          0.000           0.000         -70.825          10.161        -62.512          -8.889       -6388.212         214.973        -71.401          37.566          -7.543         -41.378
      56000.000           0.000           0.000       -6497.476         219.507          0.000           0.000         -67.634          10.417        -57.338           0.724       -6550.188         222.560        -56.614          14.922          -7.364         -49.056
      57000.000           0.000           0.000       -5850.631         209.002          0.000           0.000         -70.905          10.621         -0.000          -0.331       -5884.092         220.001         -0.331          37.444           0.378          37.491
      58000.000           0.000           0.000       -5923.422         207.014          0.000           0.000         -71.665          11.235         -0.000           0.082       -6020.742         219.096          0.082         -25.655           0.847         -24.726
      59000.000           0.000           0.000       -6345.658         212.025          0.000           0.000         -68.652          10.464        -46.731           0.297       -6415.046         215.793        -46.434          -0.736          -6.696         -53.866
      60000.000           0.000           0.000       -6163.524         205.078          0.000           0.000         -74.778          10.772        -49.616          -3.731       -6218.717         208.758        -53.347          19.585          -7.092         -40.854
      61000.000           0.000           0.000       -6189.340         210.167          0.000           0.000         -64.973          11.066        -72.357         -16.852       -6211.938         212.345        -89.209          42.375          -8.888         -55.722
      62000.000           0.000           0.000       -6235.554         213.014          0.000           0.000         -74.981          10.429        -61.122         -12.081       -6274.438         215.564        -73.203          36.097          -7.879         -44.985
      63000.000           0.000           0.000       -5956.813         205.773          0.000           0.000         -66.360          10.876        -54.846          -1.265       -6024.564         211.375        -56.111          -1.391          -5.274         -62.776
      64000.000           0.000           0.000       -5971.482         205.869          0.000           0.000         -68.186          10.846        -54.926          -2.567       -6017.196         208.534        -57.493          22.472          -8.181         -43.202
      65000.000           0.000           0.000       -6027.013         204.787          0.000           0.000         -67.366          10.087        -43.486         -21.644       -6077.111         208.285        -65.130          17.268          -6.589         -54.451
      66000.000           0.000           0.000       -6004.780         208.232          0.000           0.000         -69.790          10.777        -69.661          -4.936       -6043.397         211.117        -74.597          31.173          -7.892         -51.316
      67000.000           0.000           0.000       -6122.916         208.366          0.000           0.000         -73.464          10.140        -67.040         -13.211       -6157.452         211.442        -80.251          38.928          -7.064         -48.387
      68000.000           0.000           0.000       -6046.165         211.700          0.000           0.000         -73.037          11.115        -52.346         -16.845       -6082.493         215.272        -69.191          36.709          -7.543         -40.025
      69000.000           0.000           0.000       -6037.945         211.163          0.000           0.000         -71.356          10.728        -63.851          -2.460       -6089.556         214.380        -66.311          19.745          -7.511         -54.077
      70000.000           0.000           0.000       -6223.540         214.283          0.000           0.000         -68.683          10.811         -0.001           0.052       -6302.344         224.565          0.051         -10.121          -0.529         -10.599
      71000.000           0.000           0.000       -6248.537         208.868          0.000           0.000         -67.391          10.862         -0.002          -0.147       -6261.606         220.836         -0.149          54.322           1.106          55.279
      72000.000           0.000           0.000       -6223.207         212.177          0.000           0.000         -67.441          10.646        -49.227         -14.775       -6273.461         215.775        -64.002          17.187          -7.048         -53.863
      73000.000           0.000           0.000       -5938.718         203.868          0.000           0.000         -67.162          11.117        -66.386         -15.328       -5964.508         207.403        -81.714          41.372          -7.582         -47.924
      74000.000           0.000           0.000       -6010.363         208.883          0.000           0.000         -69.664          10.539         -0.002          -0.257       -6110.864         219.784         -0.259         -30.837           0.362         -30.734
      75000.000           0.000           0.000       -6347.889         205.518          0.000           0.000         -69.184          10.455         -0.001          -0.301       -6420.869         215.805         -0.302          -3.796          -0.168          -4.266
      76000.000           0.000           0.000       -5884.311         210.088          0.000           0.000         -69.982          10.055         -0.001          -0.117       -5902.433         220.533         -0.118          51.860           0.390          52.132
      77000.000           0.000           0.000       -5973.383         208.204          0.000           0.000         -70.846          10.271        -37.667         -63.542       -5944.256         212.449       -101.209          99.973          -6.026          -7.262
      78000.000           0.000           0.000       -6815.551         218.613          0.000           0.000         -69.550          10.870         -0.043         -50.910       -6847.132         224.924        -50.953          37.969          -4.559         -17.543
      79000.000           0.000           0.000       -6161.883         207.215          0.000           0.000         -73.335          10.227         -0.091           1.766       -6251.637         217.181          1.675         -16.419          -0.261         -15.005
      80000.000           0.000           0.000       -6040.084         205.165          0.000           0.000         -73.169          10.338         -0.003          -0.572       -6153.134         215.497         -0.575         -39.881          -0.006         -40.462
      81000.000           0.000           0.000       -5965.486         211.977          0.000           0.000         -73.389          10.510         -0.002          -0.608       -6116.329         221.468         -0.610         -77.454          -1.019         -79.083
      82000.000           0.000           0.000       -5856.351         206.754          0.000           0.000         -72.030          11.078         -0.003           0.617       -5948.480         217.799          0.614         -20.099          -0.033         -19.518
      83000.000           0.000           0.000       -6394.688         210.760          0.000           0.000         -71.365          10.644         -0.023           0.044       -6496.027         220.932          0.021         -29.974          -0.472         -30.425
      84000.000           0.000           0.000       -6107.262         214.781          0.000           0.000         -70.170          10.519         -0.001           0.240       -6160.782         225.240          0.239          16.650          -0.060          16.829
      85000.000           0.000           0.000       -5818.885         207.584          0.000           0.000         -71.663           9.939         -0.001           0.015       -5861.165         217.629          0.014          29.383           0.106          29.503
      86000.000           0.000           0.000       -5753.668         208.672          0.000           0.000         -68.706          10.109         -0.006           0.583       -5859.495         219.795          0.577         -37.121           1.014         -35.530
      87000.000           0.000           0.000       -6016.361         209.145          0.000           0.000         -71.421          10.128         -0.091          -0.488       -6160.217         218.955         -0.579         -72.435          -0.318         -73.332
      88000.000           0.000           0.000       -5848.995         205.900          0.000           0.000         -69.212          10.894         -0.001           0.102       -5863.521         217.063          0.101          54.686           0.269          55.056
      89000.000           0.000           0.000       -6346.015         209.342          0.000           0.000         -75.131          11.115         -0.229          -2.571       -6497.234         220.054         -2.800         -76.088          -0.403         -79.291
      90000.000           0.000           0.000       -6345.634         205.370          0.000           0.000         -70.884          11.206         -0.000           0.027       -6438.565         218.581          0.027         -22.047           2.005         -20.015
      91000.000           0.000           0.000       -6025.363         210.499          0.000           0.000         -71.968          11.119        -80.387         -11.524       -6065.824         212.095        -91.911          31.507          -9.523         -69.927
      92000.000           0.000           0.000       -5986.099         208.551          0.000           0.000         -73.971          10.695        -56.463           2.159       -6054.080         211.628        -54.304           5.990          -7.618         -55.932
      93000.000           0.000           0.000       -6083.398         202.843          0.000           0.000         -70.817          10.928        -62.494         -16.217       -6117.367         208.864        -78.711          36.848          -4.907         -46.770
      94000.000           0.000           0.000       -5808.154         206.119          0.000           0.000         -71.704          10.530        -45.363           0.365       -5868.074         210.033        -44.998          11.784          -6.616         -39.830
      95000.000           0.000           0.000       -6237.737         208.422          0.000           0.000         -67.824          10.882        -66.810         -27.047       -6228.059         210.322        -93.857          77.502          -8.982         -25.337
      96000.000           0.000           0.000       -6054.144         209.387          0.000           0.000         -74.146          10.034        -61.719         -11.907       -6097.483         212.025        -73.626          30.807          -7.396         -50.215
      97000.000           0.000           0.000       -6231.548         211.192          0.000           0.000         -72.915          10.390        -65.447         -21.683       -6275.646         213.119        -87.130          28.817          -8.463         -66.776
      98000.000           0.000           0.000       -6053.070         207.336          0.000           0.000         -69.366          10.348        -51.542           5.211       -6105.231         210.227        -46.331          17.205          -7.457         -36.583
      99000.000           0.000           0.000       -5872.741         211.449          0.000           0.000         -67.544           9.929         -0.002           0.196       -5989.627         221.636          0.194         -49.342           0.258         -48.890
     100000.000           0.000           0.000       -5688.004         208.237          0.000           0.000         -71.102          10.450         -0.001           0.662       -5806.497         217.650          0.661         -47.391          -1.037         -47.767
