1            0.1982 
2            0.0288 
3            0.2567 
4            0.0285 
5            -0.0308 
6            0.0079 
7            -0.1229 
8            -0.0287 
9            -0.4029 
10           -1.0520 
11           -0.1227 
12           -0.4662 
13           -0.6956 
14           -0.4044 
15           0.0867 
16           -0.3304 
17           0.0223 
18           0.1842 
19           -2.6028 
20           -0.1329 
21           0.0586 
22           -0.0072 
23           0.0174 
24           0.0211 
25           -0.0828 
26           0.1667 
27           0.0499 
28           -0.0180 
29           -0.0064 
30           -0.0285 
31           -0.0228 
32           -0.2106 
33           -0.0635 
34           0.5557 
35           -0.4552 
36           -0.0013 
37           1.4276 
38           -0.0536 
39           -0.0884 
40           0.0379 
41           -0.0318 
42           0.0091 
43           0.0432 
44           0.0934 
45           0.0494 
46           -0.0431 
47           -0.1396 
48           0.0290 
49           0.3534 
50           -0.0296 
51           0.0475 
52           0.0622 
53           -0.0061 
54           0.2906 
55           0.0002 
56           -0.1163 
57           -0.0587 
58           1.9255 
59           -0.0087 
60           -0.0056 
61           0.0082 
62           0.0239 
63           0.0156 
64           0.0312 
65           0.0267 
66           0.1193 
67           -0.0865 
68           -0.0195 
69           0.0816 
70           -0.0146 
71           0.1581 
72           0.0243 
73           0.0558 
74           0.0039 
75           0.0590 
76           0.0427 
77           0.0697 
78           -0.0006 
79           0.0213 
80           -0.0213 
81           0.0248 
82           -0.0184 
83           0.0107 
84           -0.2135 
85           -0.2817 
86           0.0007 
87           0.3414 
88           0.0263 
89           -0.0377 
90           0.0834 
91           -0.0124 
92           0.0066 
93           0.0321 
94           0.0607 
95           0.1136 
96           0.0157 
97           0.0251 
98           0.0219 
99           0.0181 
100          0.2066 
101          0.0088 
102          0.0847 
103          0.0550 
104          -0.0163 
105          0.0914 
106          -0.0070 
107          0.0241 
108          -0.0175 
109          -0.0221 
110          -0.0116 
111          -0.6784 
112          -0.0380 
113          -0.0592 
114          -0.0646 
115          -1.1989 
116          -0.3115 
117          0.0250 
118          0.0915 
119          -0.0571 
120          -0.0186 
121          -0.0150 
122          -0.0021 
123          -0.0085 
124          0.0088 
125          0.1816 
126          0.1297 
127          0.0259 
128          0.0401 
129          -0.0203 
130          0.0205 
131          -0.0221 
132          -0.0404 
133          0.0525 
134          0.6201 
135          -0.2052 
136          -0.1799 
137          -0.1114 
138          -0.0385 
139          -0.0044 
140          0.0892 
141          0.0523 
142          0.0250 
143          -0.0120 
144          -0.4071 
145          -0.0986 
146          -0.0353 
147          0.0117 
148          0.0068 
149          0.0116 
150          0.1362 
151          -15.9150 
