#Time E_VdW_mm(Protein)	E_Elec_mm(Protein)	E_Pol(Protein)	E_Apol(Protein)	E_VdW_mm(Ligand)	E_Elec_mm(Ligand)	E_Pol(Ligand)	E_Apol(Ligand)	E_VdW_mm(Complex)	E_Elec_mm(Complex)	E_Pol(Complex)	E_Apol(Complex)	Delta_E_mm	Delta_E_Pol	Delta_E_Apol	Delta_E_binding

#Complex 1
          0.000           0.000           0.000       -6259.117         212.019          0.000           0.000        -108.859          15.402       -126.261         -15.833       -6228.043         212.322       -142.094         139.933         -15.099         -17.260
       1000.000           0.000           0.000       -6391.382         212.356          0.000           0.000        -110.446          14.328       -120.742          -8.791       -6416.901         213.465       -129.533          84.927         -13.219         -57.825
       2000.000           0.000           0.000       -5568.023         207.494          0.000           0.000         -97.989          13.716       -121.513          -0.784       -5607.430         209.651       -122.297          58.582         -11.559         -75.274
       3000.000           0.000           0.000       -5717.489         214.275          0.000           0.000        -103.934          14.449        -76.253          -4.834       -5769.059         219.626        -81.087          52.364          -9.098         -37.821
       4000.000           0.000           0.000       -5611.374         211.082          0.000           0.000         -96.934          14.309        -72.516          -8.684       -5670.245         215.249        -81.200          38.063         -10.142         -53.279
       5000.000           0.000           0.000       -5583.257         214.734          0.000           0.000         -96.407          14.503        -56.742          -5.594       -5646.378         221.483        -62.336          33.286          -7.754         -36.804
       6000.000           0.000           0.000       -5710.123         204.318          0.000           0.000        -102.143          14.702        -61.766          -3.231       -5781.526         209.916        -64.997          30.740          -9.104         -43.361
       7000.000           0.000           0.000       -5628.580         208.707          0.000           0.000        -106.461          15.065        -65.906          -9.621       -5708.577         216.829        -75.527          26.464          -6.943         -56.006
       8000.000           0.000           0.000       -5492.192         207.056          0.000           0.000        -102.233          14.942        -59.348          -3.078       -5565.104         212.871        -62.426          29.321          -9.127         -42.232
       9000.000           0.000           0.000       -5763.206         206.975          0.000           0.000        -101.981          14.211        -77.513          -0.329       -5712.348         212.266        -77.842         152.839          -8.920          66.077
      10000.000           0.000           0.000       -5740.509         206.634          0.000           0.000        -103.860          15.342        -61.496         -17.022       -5796.198         214.619        -78.518          48.171          -7.357         -37.704
      11000.000           0.000           0.000       -5506.934         205.214          0.000           0.000        -101.707          14.945         -0.002          -0.272       -5579.231         218.795         -0.274          29.410          -1.364          27.772
      12000.000           0.000           0.000       -5695.006         204.766          0.000           0.000        -103.893          14.524         -0.002           0.359       -5767.776         219.230          0.357          31.123          -0.060          31.420
      13000.000           0.000           0.000       -6142.331         219.310          0.000           0.000         -99.461          14.338         -0.004           1.585       -6274.204         234.560          1.581         -32.412           0.912         -29.919
      14000.000           0.000           0.000       -5816.109         206.644          0.000           0.000        -102.285          14.185         -0.000           0.390       -5894.871         220.448          0.390          23.523          -0.381          23.532
      15000.000           0.000           0.000       -6192.506         213.542          0.000           0.000        -104.699          14.125        -70.283         -24.473       -6231.854         217.803        -94.756          65.351          -9.864         -39.269
      16000.000           0.000           0.000       -5775.418         212.544          0.000           0.000         -91.751          14.819        -83.549          -8.679       -5823.135         217.328        -92.228          44.034         -10.035         -58.229
      17000.000           0.000           0.000       -5852.560         221.386          0.000           0.000        -104.171          13.957        -40.654           1.150       -5937.361         228.424        -39.504          19.370          -6.919         -27.053
      18000.000           0.000           0.000       -5875.006         215.354          0.000           0.000        -104.139          14.892        -83.741          -6.128       -5935.374         219.728        -89.869          43.771         -10.518         -56.616
      19000.000           0.000           0.000       -6019.914         209.742          0.000           0.000        -100.069          14.664        -94.181          -6.109       -6070.698         213.173       -100.290          49.285         -11.233         -62.238
      20000.000           0.000           0.000       -6231.862         216.494          0.000           0.000         -96.263          13.961       -121.909          -7.077       -6260.652         217.594       -128.986          67.473         -12.861         -74.374
      21000.000           0.000           0.000       -5908.087         217.544          0.000           0.000         -96.117          14.280        -66.743         -16.223       -5957.773         222.922        -82.966          46.431          -8.902         -45.437
      22000.000           0.000           0.000       -5835.070         215.618          0.000           0.000         -98.369          14.739        -65.265         -18.858       -5888.142         222.211        -84.123          45.297          -8.146         -46.972
      23000.000           0.000           0.000       -6055.454         210.998          0.000           0.000        -103.517          14.524        -66.685         -20.734       -6098.145         218.569        -87.419          60.826          -6.953         -33.546
      24000.000           0.000           0.000       -5834.662         211.930          0.000           0.000        -103.303          13.590        -72.967         -22.626       -5881.251         217.173        -95.593          56.714          -8.347         -47.226
      25000.000           0.000           0.000       -6039.998         209.982          0.000           0.000        -110.343          14.349        -85.078         -23.879       -6088.668         213.957       -108.957          61.673         -10.374         -57.658
      26000.000           0.000           0.000       -5820.044         217.335          0.000           0.000        -107.486          14.144        -85.010         -25.817       -5854.469         220.581       -110.827          73.061         -10.898         -48.664
      27000.000           0.000           0.000       -6145.183         215.082          0.000           0.000        -106.227          15.104        -80.257         -16.903       -6189.808         220.357        -97.160          61.602          -9.829         -45.387
      28000.000           0.000           0.000       -6047.397         213.349          0.000           0.000         -96.296          13.650        -84.531          -8.978       -6087.741         216.312        -93.509          55.952         -10.687         -48.244
      29000.000           0.000           0.000       -5583.339         210.151          0.000           0.000        -103.358          13.488        -85.783         -11.561       -5626.700         213.915        -97.344          59.997          -9.724         -47.071
      30000.000           0.000           0.000       -5953.004         207.989          0.000           0.000         -99.804          14.959        -66.581         -10.097       -6000.795         213.848        -76.678          52.013          -9.100         -33.765
      31000.000           0.000           0.000       -5896.731         203.805          0.000           0.000         -95.182          15.310         -0.002          -0.303       -5972.107         219.513         -0.305          19.806           0.398          19.899
      32000.000           0.000           0.000       -5929.130         209.358          0.000           0.000         -94.898          14.036         -0.001          -0.278       -6010.094         223.734         -0.279          13.934           0.340          13.995
      33000.000           0.000           0.000       -5757.979         209.319          0.000           0.000        -100.363          14.271         -0.001           0.041       -5864.786         224.188          0.040          -6.444           0.598          -5.806
      34000.000           0.000           0.000       -5724.152         204.485          0.000           0.000        -105.801          14.265        -77.130         -14.775       -5776.239         211.061        -91.905          53.714          -7.689         -45.880
      35000.000           0.000           0.000       -5881.015         211.877          0.000           0.000         -99.813          14.622        -77.319         -12.376       -5922.256         216.841        -89.695          58.572          -9.658         -40.781
      36000.000           0.000           0.000       -5705.822         210.682          0.000           0.000        -101.431          14.229        -81.870         -20.736       -5747.160         215.806       -102.606          60.093          -9.105         -51.618
      37000.000           0.000           0.000       -5917.936         210.551          0.000           0.000        -101.009          15.044        -84.069         -27.703       -5961.161         215.617       -111.772          57.784          -9.978         -63.966
      38000.000           0.000           0.000       -6337.024         218.596          0.000           0.000        -105.983          14.575        -88.668         -24.277       -6380.896         223.786       -112.945          62.111          -9.385         -60.219
      39000.000           0.000           0.000       -5946.728         213.032          0.000           0.000        -105.313          14.381        -78.076         -24.498       -5983.145         218.412       -102.574          68.896          -9.001         -42.679
      40000.000           0.000           0.000       -5933.019         213.536          0.000           0.000        -102.568          14.609         -0.002          -0.555       -6020.289         228.936         -0.557          15.298           0.791          15.532
      41000.000           0.000           0.000       -5974.184         214.778          0.000           0.000        -101.122          14.936        -67.422         -20.266       -6018.623         219.682        -87.688          56.683         -10.032         -41.037
      42000.000           0.000           0.000       -6141.162         213.154          0.000           0.000         -97.715          15.221        -75.260         -22.222       -6180.805         218.675        -97.482          58.072          -9.700         -49.110
      43000.000           0.000           0.000       -5926.435         208.217          0.000           0.000        -102.855          14.385        -65.076         -18.622       -5976.318         215.426        -83.698          52.972          -7.176         -37.902
      44000.000           0.000           0.000       -5838.906         219.911          0.000           0.000        -102.289          14.486         -0.002           0.759       -5991.201         234.016          0.757         -50.006          -0.381         -49.630
      45000.000           0.000           0.000       -5892.792         212.770          0.000           0.000        -102.791          14.958        -55.501           2.429       -5965.988         219.556        -53.072          29.595          -8.172         -31.649
      46000.000           0.000           0.000       -5648.100         204.195          0.000           0.000        -102.675          14.940        -38.700          -3.727       -5731.409         214.545        -42.427          19.366          -4.590         -27.651
      47000.000           0.000           0.000       -5898.677         208.126          0.000           0.000        -103.907          15.389        -64.278         -25.924       -5940.907         213.962        -90.202          61.677          -9.553         -38.078
      48000.000           0.000           0.000       -6008.207         210.389          0.000           0.000        -107.372          15.018        -85.575         -14.406       -6054.560         215.357        -99.981          61.019         -10.050         -49.012
      49000.000           0.000           0.000       -6113.897         215.390          0.000           0.000        -110.764          14.892        -67.386         -29.552       -6158.353         222.050        -96.938          66.308          -8.232         -38.862
      50000.000           0.000           0.000       -6295.856         219.516          0.000           0.000        -105.773          14.293        -71.537         -20.817       -6347.008         225.471        -92.354          54.621          -8.338         -46.071
      51000.000           0.000           0.000       -6179.117         214.261          0.000           0.000        -103.127          14.711        -78.507          -1.690       -6232.227         217.855        -80.197          50.017         -11.117         -41.297
      52000.000           0.000           0.000       -6402.071         218.265          0.000           0.000        -105.012          13.881        -92.777         -11.216       -6448.650         222.481       -103.993          58.433          -9.665         -55.225
      53000.000           0.000           0.000       -6163.006         214.224          0.000           0.000         -96.169          15.779        -80.819         -16.357       -6200.993         219.386        -97.176          58.182         -10.617         -49.611
      54000.000           0.000           0.000       -5698.898         212.461          0.000           0.000         -97.452          13.865        -74.037          -8.302       -5755.691         216.473        -82.339          40.659          -9.853         -51.533
      55000.000           0.000           0.000       -5907.592         211.385          0.000           0.000         -93.251          14.169        -85.472          -9.609       -5959.218         215.836        -95.081          41.625          -9.718         -63.174
      56000.000           0.000           0.000       -6088.781         208.736          0.000           0.000         -94.713          14.366         -0.001          -0.480       -6195.752         223.727         -0.481         -12.258           0.625         -12.114
      57000.000           0.000           0.000       -5888.684         208.093          0.000           0.000        -105.443          14.251         -0.002          -1.463       -5983.101         220.774         -1.465          11.026          -1.570           7.991
      58000.000           0.000           0.000       -5543.950         209.670          0.000           0.000        -106.668          13.681        -89.337         -16.933       -5592.719         212.335       -106.270          57.899         -11.016         -59.387
      59000.000           0.000           0.000       -5650.011         209.248          0.000           0.000         -99.065          15.177        -88.340         -16.374       -5666.300         212.041       -104.714          82.776         -12.384         -34.322
      60000.000           0.000           0.000       -5652.814         209.515          0.000           0.000        -108.872          13.880        -72.557          -1.023       -5718.424         213.905        -73.580          43.262          -9.490         -39.808
      61000.000           0.000           0.000       -5637.310         212.443          0.000           0.000        -103.979          14.084        -92.699          -7.087       -5690.098         216.999        -99.786          51.191          -9.528         -58.123
      62000.000           0.000           0.000       -5893.259         211.181          0.000           0.000         -96.201          15.316         -0.002          -0.132       -6009.207         226.453         -0.134         -19.747          -0.044         -19.925
      63000.000           0.000           0.000       -6012.998         217.455          0.000           0.000         -94.845          14.867         -0.003          -1.433       -6112.576         231.994         -1.436          -4.733          -0.328          -6.497
      64000.000           0.000           0.000       -5837.283         211.468          0.000           0.000         -92.047          14.107         -0.004          -1.238       -5929.322         225.638         -1.242           0.008           0.063          -1.171
      65000.000           0.000           0.000       -5764.925         212.189          0.000           0.000        -104.147          14.511        -86.523          -5.749       -5821.820         216.655        -92.272          47.252         -10.045         -55.065
      66000.000           0.000           0.000       -6230.755         215.591          0.000           0.000         -98.362          14.553        -98.442         -16.217       -6267.603         218.218       -114.659          61.514         -11.926         -65.071
      67000.000           0.000           0.000       -5915.494         210.091          0.000           0.000        -103.460          14.037        -90.662         -11.919       -5941.976         213.478       -102.581          76.978         -10.650         -36.253
      68000.000           0.000           0.000       -6435.244         217.410          0.000           0.000        -100.494          14.458        -72.926         -12.341       -6493.476         223.303        -85.267          42.262          -8.565         -51.570
      69000.000           0.000           0.000       -5942.784         215.534          0.000           0.000         -97.661          13.675        -75.373          -6.255       -5996.554         220.944        -81.628          43.891          -8.265         -46.002
      70000.000           0.000           0.000       -5988.671         216.770          0.000           0.000        -105.830          14.781        -95.070         -12.852       -6039.982         221.575       -107.922          54.519          -9.976         -63.379
      71000.000           0.000           0.000       -6093.894         215.839          0.000           0.000        -101.222          15.180        -84.846         -14.856       -6131.303         220.294        -99.702          63.813         -10.725         -46.614
      72000.000           0.000           0.000       -6059.092         212.451          0.000           0.000         -99.037          14.128        -66.973         -15.164       -6115.426         218.112        -82.137          42.703          -8.467         -47.901
      73000.000           0.000           0.000       -6084.495         220.593          0.000           0.000         -93.695          14.058         -0.002          -1.308       -6160.962         234.557         -1.310          17.228          -0.094          15.824
      74000.000           0.000           0.000       -6255.997         218.261          0.000           0.000         -99.941          14.163         -0.002          -1.309       -6350.451         232.787         -1.311           5.487           0.363           4.539
      75000.000           0.000           0.000       -5998.144         211.624          0.000           0.000         -95.873          15.624        -93.421          -9.518       -6035.568         214.129       -102.939          58.449         -13.119         -57.609
      76000.000           0.000           0.000       -5781.125         214.392          0.000           0.000         -98.868          14.233         -0.002          -1.048       -5891.361         228.937         -1.050         -11.368           0.312         -12.106
      77000.000           0.000           0.000       -5436.476         212.571          0.000           0.000        -102.875          14.990         -0.004           0.020       -5487.805         227.000          0.016          51.546          -0.561          51.001
      78000.000           0.000           0.000       -5945.639         221.475          0.000           0.000         -98.931          14.486         -0.003           0.286       -6002.133         235.768          0.283          42.437          -0.193          42.527
      79000.000           0.000           0.000       -5905.611         216.565          0.000           0.000        -100.593          14.670         -0.004           1.007       -5973.917         230.176          1.003          32.287          -1.059          32.231
      80000.000           0.000           0.000       -5909.503         211.167          0.000           0.000         -91.614          14.888         -0.003           0.550       -5986.738         226.077          0.547          14.379           0.022          14.948
      81000.000           0.000           0.000       -5874.372         210.537          0.000           0.000        -114.294          14.524         -0.003          -0.460       -5971.953         224.997         -0.463          16.713          -0.064          16.186
      82000.000           0.000           0.000       -5956.743         215.348          0.000           0.000        -109.410          15.503         -0.003           0.776       -6068.793         229.934          0.773          -2.640          -0.917          -2.784
      83000.000           0.000           0.000       -5951.484         215.616          0.000           0.000        -102.639          15.053         -0.004           0.274       -6080.780         230.973          0.270         -26.657           0.304         -26.083
      84000.000           0.000           0.000       -5836.877         208.457          0.000           0.000        -102.078          13.865         -0.003          -1.199       -5901.939         222.204         -1.202          37.016          -0.118          35.696
      85000.000           0.000           0.000       -6077.578         212.195          0.000           0.000        -104.014          14.220         -0.002          -1.667       -6148.914         225.373         -1.669          32.678          -1.042          29.967
      86000.000           0.000           0.000       -5793.622         209.650          0.000           0.000        -104.695          15.056         -0.002          -1.084       -5898.225         225.284         -1.086           0.092           0.578          -0.416
      87000.000           0.000           0.000       -6076.579         215.720          0.000           0.000         -96.285          15.614         -0.000           0.132       -6066.606         231.773          0.132         106.258           0.439         106.829
      88000.000           0.000           0.000       -5812.636         210.423          0.000           0.000         -99.152          14.322         -0.003          -0.593       -5899.263         224.574         -0.596          12.525          -0.171          11.758
      89000.000           0.000           0.000       -6118.074         212.279          0.000           0.000        -105.941          15.155         -0.003          -0.027       -6194.711         227.695         -0.030          29.304           0.261          29.535
      90000.000           0.000           0.000       -5868.998         216.150          0.000           0.000        -105.216          14.544         -0.004           0.443       -5936.550         230.257          0.439          37.664          -0.437          37.666
      91000.000           0.000           0.000       -6035.875         209.221          0.000           0.000         -93.759          14.258         -0.003           0.053       -6099.709         223.779          0.050          29.925           0.300          30.275
      92000.000           0.000           0.000       -6027.827         210.083          0.000           0.000        -102.763          14.296         -0.003          -0.594       -6141.502         224.252         -0.597         -10.912          -0.127         -11.636
      93000.000           0.000           0.000       -5870.607         211.419          0.000           0.000         -96.815          14.641        -82.596         -19.352       -5904.005         215.957       -101.948          63.417         -10.103         -48.634
      94000.000           0.000           0.000       -6437.975         219.387          0.000           0.000         -95.599          14.477         -0.000          -0.308       -6490.697         234.186         -0.308          42.877           0.322          42.891
      95000.000           0.000           0.000       -6154.660         220.245          0.000           0.000        -103.697          14.550        -77.489          -9.659       -6215.863         225.958        -87.148          42.494          -8.837         -53.491
      96000.000           0.000           0.000       -6118.691         216.750          0.000           0.000        -103.641          15.307        -82.066          -3.490       -6169.698         220.902        -85.556          52.634         -11.155         -44.077
      97000.000           0.000           0.000       -6177.170         216.886          0.000           0.000        -101.101          13.409        -77.322          -4.823       -6233.103         220.512        -82.145          45.168          -9.783         -46.760
      98000.000           0.000           0.000       -6317.127         218.430          0.000           0.000        -102.894          14.961        -90.039          -5.456       -6369.380         224.378        -95.495          50.641          -9.013         -53.867
      99000.000           0.000           0.000       -6193.547         219.535          0.000           0.000         -91.411          14.103        -63.024          -5.348       -6257.743         226.878        -68.372          27.215          -6.760         -47.917
     100000.000           0.000           0.000       -5660.253         212.357          0.000           0.000        -100.795          14.622        -87.685          -3.017       -5692.474         216.478        -90.702          68.574         -10.501         -32.629
